1000
1.0 -1.07623218384 3.32519289793  0.371303458511 0.0 0.0 0.0
1.0 -2.20583626852 1.99438833602  2.58559338064 0.0 0.0 0.0
1.0 -0.958833946548 -1.63734608019  -1.16154041015 0.0 0.0 0.0
1.0 -1.46972277921 0.706534505108  -4.70538381267 0.0 0.0 0.0
1.0 1.96623610404 3.77344653191  -0.741618553133 0.0 0.0 0.0
1.0 -0.0713581153718 2.1477957151  2.80774333764 0.0 0.0 0.0
1.0 0.148433730443 3.93075522583  -0.30036844251 0.0 0.0 0.0
1.0 -2.32780240817 -4.26959474118  0.287128619245 0.0 0.0 0.0
1.0 4.29336954357 -2.14799464952  0.665397839936 0.0 0.0 0.0
1.0 -4.43614439021 0.20032218218  -0.216699935522 0.0 0.0 0.0
1.0 0.0614617518507 0.786105173781  1.77565068053 0.0 0.0 0.0
1.0 -0.116666466084 4.59644364955  -0.397252362654 0.0 0.0 0.0
1.0 -0.501722707229 -0.0110303336337  -2.495487883 0.0 0.0 0.0
1.0 -0.137625711594 3.05612476356  -3.12607166929 0.0 0.0 0.0
1.0 -0.132949220274 3.31628039832  0.166426301914 0.0 0.0 0.0
1.0 3.22477996446 1.63999824096  -3.02606992929 0.0 0.0 0.0
1.0 -0.646402871186 -0.203698786907  -4.23368210473 0.0 0.0 0.0
1.0 -1.25055500505 -1.52097284165  2.84403793797 0.0 0.0 0.0
1.0 -1.93143356759 0.642645963375  -1.99023997816 0.0 0.0 0.0
1.0 -0.632098261738 -1.51909460015  -3.5352731266 0.0 0.0 0.0
1.0 3.44535110654 -1.98645717424  -1.05073020337 0.0 0.0 0.0
1.0 -1.90472870836 0.961635082646  1.63831197806 0.0 0.0 0.0
1.0 0.524545627105 -1.55249638254  -0.800028985221 0.0 0.0 0.0
1.0 -0.184370840667 -1.14980437255  3.62559023952 0.0 0.0 0.0
1.0 -2.14567225473 -0.180330472372  -2.32429951027 0.0 0.0 0.0
1.0 0.871239163453 -0.64562053092  4.64423977366 0.0 0.0 0.0
1.0 -1.01906637069 1.81705050829  -3.25470959285 0.0 0.0 0.0
1.0 1.61197012864 -0.813707818674  3.60821255959 0.0 0.0 0.0
1.0 2.25696443363 0.642398672034  3.2264010264 0.0 0.0 0.0
1.0 -3.1251935723 2.31574044957  -0.238078904256 0.0 0.0 0.0
1.0 -0.0914897594395 -3.17852559401  3.17929868919 0.0 0.0 0.0
1.0 -3.62789673602 0.102451095878  -1.11376707577 0.0 0.0 0.0
1.0 1.52381600779 1.88293689592  2.35935888648 0.0 0.0 0.0
1.0 1.18243991991 1.47920514147  -2.47761107317 0.0 0.0 0.0
1.0 -2.78421617717 3.59552035953  0.270101273008 0.0 0.0 0.0
1.0 -1.65181813085 -2.93444352958  1.42788546885 0.0 0.0 0.0
1.0 1.02166863297 -3.66069950319  3.10456457564 0.0 0.0 0.0
1.0 0.670251641464 -2.53827766832  -1.88438043053 0.0 0.0 0.0
1.0 0.0709817676789 -0.454870196878  1.6943681817 0.0 0.0 0.0
1.0 1.47914689315 3.00795913732  -3.24181547003 0.0 0.0 0.0
1.0 -0.775820615651 2.73558735315  -0.929455833786 0.0 0.0 0.0
1.0 0.0635883742411 0.0218982263869  1.76839212318 0.0 0.0 0.0
1.0 4.35650799487 1.4989319642  1.59896656489 0.0 0.0 0.0
1.0 -1.64253750294 -1.90305196601  -1.50695242277 0.0 0.0 0.0
1.0 3.41727175502 -0.776666402839  1.40311978358 0.0 0.0 0.0
1.0 0.355919612719 2.13321745682  3.0354935681 0.0 0.0 0.0
1.0 -2.65150956642 1.27632470471  1.44817065247 0.0 0.0 0.0
1.0 0.602969371708 -4.73440215745  -1.46101436104 0.0 0.0 0.0
1.0 -2.60659681464 0.752225333294  -4.11359908499 0.0 0.0 0.0
1.0 0.464874211128 -4.12261720675  -2.60461544005 0.0 0.0 0.0
1.0 -1.58583398435 1.51967494723  2.92750674362 0.0 0.0 0.0
1.0 -3.37232336154 0.489390124442  0.983009441896 0.0 0.0 0.0
1.0 3.6779182898 2.19791273316  -0.62573723994 0.0 0.0 0.0
1.0 0.960700818361 0.857604922763  3.6608338245 0.0 0.0 0.0
1.0 -3.24657552965 -2.59093341025  1.15328435305 0.0 0.0 0.0
1.0 -1.37932949846 4.54612442208  1.02468718664 0.0 0.0 0.0
1.0 0.336455574526 0.498479815914  3.75294365974 0.0 0.0 0.0
1.0 -1.39437860033 -4.10990938952  -0.858500587466 0.0 0.0 0.0
1.0 3.8440545693 -0.322627235181  1.00156065507 0.0 0.0 0.0
1.0 -3.12954225412 1.49039175286  2.1534507614 0.0 0.0 0.0
1.0 2.80984880691 -3.25698631355  -0.360415047861 0.0 0.0 0.0
1.0 0.743623733542 -2.85235230269  0.955791724227 0.0 0.0 0.0
1.0 -2.71608063111 0.676090317904  -1.44381859047 0.0 0.0 0.0
1.0 -1.71777486539 -0.506511561061  4.38544368201 0.0 0.0 0.0
1.0 1.62637456367 0.139974133719  3.82624510275 0.0 0.0 0.0
1.0 -0.204249046726 4.85948137974  -0.130740162864 0.0 0.0 0.0
1.0 -2.08326926381 1.54523682677  1.3934712325 0.0 0.0 0.0
1.0 -0.240617061044 -2.88333978536  -2.42171395872 0.0 0.0 0.0
1.0 0.284667804925 0.903057682999  -2.66690275023 0.0 0.0 0.0
1.0 -0.144228506626 -0.202729262593  4.09938151168 0.0 0.0 0.0
1.0 -3.78032168772 -1.13297822127  0.460344810213 0.0 0.0 0.0
1.0 -0.0655728899053 -0.50157177918  -3.72446154765 0.0 0.0 0.0
1.0 1.70975120217 -1.7250709113  3.33292291173 0.0 0.0 0.0
1.0 -1.53886988543 2.29160674986  2.29194446073 0.0 0.0 0.0
1.0 0.593846829299 4.12261480653  2.59270441027 0.0 0.0 0.0
1.0 -0.182827081276 -0.197876962963  2.21345635445 0.0 0.0 0.0
1.0 2.72216600252 3.13310377435  0.27805748915 0.0 0.0 0.0
1.0 0.635596173248 -1.7975283913  1.90510945656 0.0 0.0 0.0
1.0 -2.99160373508 -3.72472048881  0.213299488484 0.0 0.0 0.0
1.0 1.23787278279 1.43481420439  -3.02157342354 0.0 0.0 0.0
1.0 1.18639609871 1.29647912544  2.20408583978 0.0 0.0 0.0
1.0 -2.23328381487 1.43957899824  -3.08163583507 0.0 0.0 0.0
1.0 3.22027940227 1.6638354978  -2.93561408343 0.0 0.0 0.0
1.0 3.09456407335 0.706944840512  -0.480471735478 0.0 0.0 0.0
1.0 -1.18800351823 -2.55518296088  -3.60602071621 0.0 0.0 0.0
1.0 0.13794967698 1.66667460262  -3.34283547794 0.0 0.0 0.0
1.0 -3.07928033837 2.50548586082  0.48203808077 0.0 0.0 0.0
1.0 1.26507749575 -2.07870086111  -0.946688719959 0.0 0.0 0.0
1.0 0.387608957542 -2.17917045376  -0.990596691671 0.0 0.0 0.0
1.0 0.312913782831 1.63605459092  3.63527086762 0.0 0.0 0.0
1.0 -0.138169927429 -2.68758899599  -3.18523474558 0.0 0.0 0.0
1.0 3.03587156036 -1.27972437941  -0.537772769675 0.0 0.0 0.0
1.0 0.988315103081 0.0206346275903  0.46433805754 0.0 0.0 0.0
1.0 1.19586401486 -1.99853409542  4.15034123261 0.0 0.0 0.0
1.0 -1.95057436456 -3.2403635872  1.09706592647 0.0 0.0 0.0
1.0 2.68242235214 0.432859463487  -0.884463848464 0.0 0.0 0.0
1.0 -2.6215096959 -2.9526927929  -3.00684136519 0.0 0.0 0.0
1.0 0.292821938812 0.0160488529243  4.8482132916 0.0 0.0 0.0
1.0 2.01289040125 -0.896167969079  -1.71594230944 0.0 0.0 0.0
1.0 0.152222679836 -0.358495626955  4.15505129018 0.0 0.0 0.0
1.0 -0.294340811891 1.98959060644  -1.29746927486 0.0 0.0 0.0
1.0 -2.00780275229 -1.00597812543  2.362789183 0.0 0.0 0.0
1.0 -3.53920658615 -1.99042037712  -0.0954155442622 0.0 0.0 0.0
1.0 4.31284091529 -0.481153076338  -0.657255747471 0.0 0.0 0.0
1.0 1.45844810029 1.42003723529  1.38816555948 0.0 0.0 0.0
1.0 -1.35266667216 0.638880118447  0.340196770874 0.0 0.0 0.0
1.0 0.162528249698 1.33640432522  -4.52490385516 0.0 0.0 0.0
1.0 3.24072854778 0.546435711592  1.84225637305 0.0 0.0 0.0
1.0 -0.257541517213 -0.124402734355  2.08226398083 0.0 0.0 0.0
1.0 -1.46170173362 2.27902253901  -3.49731959652 0.0 0.0 0.0
1.0 -1.24524316383 -0.832068518313  0.44411576602 0.0 0.0 0.0
1.0 0.405319936736 -0.236734499399  4.01099417403 0.0 0.0 0.0
1.0 -3.35527087412 2.39668591946  -2.63388060301 0.0 0.0 0.0
1.0 3.07292085238 -2.38426103588  0.540351987034 0.0 0.0 0.0
1.0 1.31412270334 2.79652864961  -2.19763548585 0.0 0.0 0.0
1.0 -0.150301539264 -3.81030681988  2.47410472667 0.0 0.0 0.0
1.0 0.18132695161 -0.0136738684683  4.50093199403 0.0 0.0 0.0
1.0 0.431542010628 4.1354906559  2.33727539731 0.0 0.0 0.0
1.0 -2.43426382269 3.39351546243  1.27621489773 0.0 0.0 0.0
1.0 1.28952568344 -4.19550138404  1.48691151631 0.0 0.0 0.0
1.0 4.10595429533 -1.75050375936  0.343984991755 0.0 0.0 0.0
1.0 -2.68120491969 3.36381081694  -2.22683854647 0.0 0.0 0.0
1.0 2.05285775184 -0.909526923625  -2.1478421727 0.0 0.0 0.0
1.0 -4.44217301331 -0.483539118721  1.12582768842 0.0 0.0 0.0
1.0 -0.0992860004191 0.207825580984  1.61390202158 0.0 0.0 0.0
1.0 1.76239003909 -0.742243843033  -3.62480531813 0.0 0.0 0.0
1.0 0.836183576063 0.00183409180408  -3.67261577882 0.0 0.0 0.0
1.0 1.31432812743 -1.04645242589  3.98191675645 0.0 0.0 0.0
1.0 2.82010511938 1.54398186288  -0.480565262707 0.0 0.0 0.0
1.0 1.17852250874 1.87791878776  2.5062712295 0.0 0.0 0.0
1.0 4.61083202923 0.0247557970274  -0.76722773491 0.0 0.0 0.0
1.0 3.00586507161 -0.61155155741  2.99448235791 0.0 0.0 0.0
1.0 0.206930787336 0.158145616067  3.75500199991 0.0 0.0 0.0
1.0 -0.0692511956464 0.0280936291012  4.84060303632 0.0 0.0 0.0
1.0 -1.42689288122 2.99252950559  3.30295038946 0.0 0.0 0.0
1.0 -2.15536541747 -2.60324242664  -0.394419064051 0.0 0.0 0.0
1.0 -2.97570369031 -0.127432497117  2.93396222153 0.0 0.0 0.0
1.0 2.21154522286 1.34112741861  -1.92686815826 0.0 0.0 0.0
1.0 -0.411107204357 -0.736490414369  -1.85170668158 0.0 0.0 0.0
1.0 -4.04661230602 0.523997685162  2.72221330502 0.0 0.0 0.0
1.0 0.0529163297347 -2.64400160947  2.97971235213 0.0 0.0 0.0
1.0 2.58865654266 1.38539655901  -0.600896382457 0.0 0.0 0.0
1.0 -1.19654629206 -4.04101554524  -2.42493034173 0.0 0.0 0.0
1.0 0.0546827033065 0.00053099732573  0.749499049244 0.0 0.0 0.0
1.0 3.93405534304 1.63640668427  1.83611978955 0.0 0.0 0.0
1.0 1.73811369449 0.116550307875  4.3627005354 0.0 0.0 0.0
1.0 0.582725103974 -1.07726813457  2.41374464324 0.0 0.0 0.0
1.0 -3.87104637278 0.969569334633  1.72455209942 0.0 0.0 0.0
1.0 -0.582332422293 -1.95509397742  0.149751045131 0.0 0.0 0.0
1.0 -1.4878941545 0.423408411732  -1.12831622451 0.0 0.0 0.0
1.0 0.20832599848 -2.178834802  4.47016046159 0.0 0.0 0.0
1.0 -0.647231380527 -3.21683148578  1.70135201701 0.0 0.0 0.0
1.0 2.59748755238 -1.2028505984  2.0171854127 0.0 0.0 0.0
1.0 -1.36719681951 2.42432008685  3.22137415878 0.0 0.0 0.0
1.0 0.284296432421 -0.0557641961283  -3.84348778793 0.0 0.0 0.0
1.0 -1.62854904812 -0.447500358866  -2.53001373562 0.0 0.0 0.0
1.0 0.0696105294352 -0.0407475384661  -3.09615563414 0.0 0.0 0.0
1.0 0.0167176280382 0.0938480337802  -4.56200650053 0.0 0.0 0.0
1.0 -1.83577258767 -1.08228567331  2.22495176795 0.0 0.0 0.0
1.0 0.222811274412 -0.638883765878  0.600630481119 0.0 0.0 0.0
1.0 -0.173929984637 -1.82744523158  -3.42311991856 0.0 0.0 0.0
1.0 -0.130490717398 -0.142436987458  2.88345613212 0.0 0.0 0.0
1.0 -0.933351801657 1.40349896109  -0.658727224272 0.0 0.0 0.0
1.0 -0.246738520394 0.296650187338  -3.690790899 0.0 0.0 0.0
1.0 0.156840436942 -0.969193588339  3.98889499769 0.0 0.0 0.0
1.0 0.462292225646 4.13422757479  0.130943494731 0.0 0.0 0.0
1.0 -0.289991623899 -0.459743507696  -4.83898991797 0.0 0.0 0.0
1.0 -1.19383575464 2.84855127436  -0.530324205721 0.0 0.0 0.0
1.0 3.96584945465 0.220539570111  -3.01537150195 0.0 0.0 0.0
1.0 0.681447264865 0.782016996316  -4.1289108563 0.0 0.0 0.0
1.0 -1.38992192543 3.7779373692  -2.88822398116 0.0 0.0 0.0
1.0 -3.59756818705 -1.03008109941  -1.05998063725 0.0 0.0 0.0
1.0 1.80944565696 0.297660575673  2.99836906461 0.0 0.0 0.0
1.0 1.32316831007 1.56782022352  -1.31759749575 0.0 0.0 0.0
1.0 0.482371208573 0.384218106358  -4.33526278944 0.0 0.0 0.0
1.0 -0.00569856865903 0.280262956904  2.58372703215 0.0 0.0 0.0
1.0 -2.18166042946 -0.841440998606  3.9763141166 0.0 0.0 0.0
1.0 0.922458060394 -1.13144874525  -1.57582612169 0.0 0.0 0.0
1.0 1.52336053582 -3.15895195589  0.0694322620623 0.0 0.0 0.0
1.0 0.648572048732 0.0129080797174  4.95338727664 0.0 0.0 0.0
1.0 2.08538171253 -3.11626608163  1.31146395231 0.0 0.0 0.0
1.0 -2.5516386764 1.45748108317  1.33180116725 0.0 0.0 0.0
1.0 -0.983198855977 -0.778153008785  2.85017852571 0.0 0.0 0.0
1.0 0.410453518151 0.280206005229  -4.77107492073 0.0 0.0 0.0
1.0 3.59784354925 -1.68061556263  -2.27677139587 0.0 0.0 0.0
1.0 1.92658324319 0.848926234791  -0.421402797874 0.0 0.0 0.0
1.0 -2.30309226099 -0.665635218955  -2.09217640729 0.0 0.0 0.0
1.0 1.71289986881 1.3012447738  3.28890616647 0.0 0.0 0.0
1.0 -0.781825612449 2.2259295525  -1.26292445573 0.0 0.0 0.0
1.0 -1.5511367673 0.286542509503  -2.76414248136 0.0 0.0 0.0
1.0 1.67583382421 3.97676730404  1.0945712146 0.0 0.0 0.0
1.0 1.29596593881 -2.24168272896  2.35612848475 0.0 0.0 0.0
1.0 0.306885358898 -0.617887291559  -2.31767375936 0.0 0.0 0.0
1.0 -1.56230350774 -0.935197564192  -1.8697767389 0.0 0.0 0.0
1.0 0.763942350298 1.25697238765  -4.40491430846 0.0 0.0 0.0
1.0 2.15148651063 -1.10039928414  3.40108384777 0.0 0.0 0.0
1.0 -0.221094151383 -0.132602897395  -4.97887046038 0.0 0.0 0.0
1.0 3.86132120997 1.84840053886  -2.14864104041 0.0 0.0 0.0
1.0 0.0799150597064 -0.346974342464  -4.8565281303 0.0 0.0 0.0
1.0 0.850623301592 3.85247261875  1.00622760087 0.0 0.0 0.0
1.0 -4.16431035296 1.31091600131  0.32748416868 0.0 0.0 0.0
1.0 -0.893006326137 -1.96965075871  2.39945947409 0.0 0.0 0.0
1.0 -0.999951947467 0.81468856693  -2.93327374479 0.0 0.0 0.0
1.0 -3.25389041158 2.15179961627  0.688538330929 0.0 0.0 0.0
1.0 -3.37414114337 2.62753582449  -0.516568916553 0.0 0.0 0.0
1.0 0.488096541307 -0.337826905459  3.88265947623 0.0 0.0 0.0
1.0 -0.757483521922 -3.44497431466  -0.119092010026 0.0 0.0 0.0
1.0 0.359667363371 -3.39001198925  0.656233987728 0.0 0.0 0.0
1.0 0.00446813971863 -0.0167118596115  4.02987823495 0.0 0.0 0.0
1.0 1.1597424594 -2.53186013454  4.0146817892 0.0 0.0 0.0
1.0 0.0616939389249 -0.144280116219  -3.94115660332 0.0 0.0 0.0
1.0 1.06351720775 -4.35337416412  -1.80856847866 0.0 0.0 0.0
1.0 -1.18135638863 -3.5705479706  -0.56485076164 0.0 0.0 0.0
1.0 3.2772207 -2.1594025492  2.75218502645 0.0 0.0 0.0
1.0 3.29009616874 -0.557780239521  2.95974423944 0.0 0.0 0.0
1.0 -0.103084845827 4.40837303363  -1.58066909498 0.0 0.0 0.0
1.0 0.778958834514 1.15395567014  -4.17046476058 0.0 0.0 0.0
1.0 0.649728103393 3.76120604429  -1.75430665046 0.0 0.0 0.0
1.0 -1.49020513219 2.82223691246  3.54890625366 0.0 0.0 0.0
1.0 -3.89261225788 2.66354600552  1.30534295738 0.0 0.0 0.0
1.0 2.09062700004 0.320646333943  1.65492574795 0.0 0.0 0.0
1.0 -2.01284744867 -0.66279384514  3.20436077896 0.0 0.0 0.0
1.0 -0.0583841307709 0.016040880089  2.20009046187 0.0 0.0 0.0
1.0 -1.73051164753 2.4918123875  0.909207103622 0.0 0.0 0.0
1.0 -0.850206943102 2.88008732586  -2.36241396626 0.0 0.0 0.0
1.0 -0.146945400825 0.0454611771942  2.12829925326 0.0 0.0 0.0
1.0 -1.12070582623 -0.792796762365  -4.58726450499 0.0 0.0 0.0
1.0 -0.728218123176 -0.114122872788  -1.07826326806 0.0 0.0 0.0
1.0 0.34146818868 -3.41905966066  3.23985636351 0.0 0.0 0.0
1.0 -0.00211269548513 0.580962502875  1.68210666493 0.0 0.0 0.0
1.0 -3.50906712316 0.585949765806  3.40669499776 0.0 0.0 0.0
1.0 -2.70054543176 1.79700246616  -3.02870862293 0.0 0.0 0.0
1.0 -2.24447169804 -0.585371924968  1.74529004134 0.0 0.0 0.0
1.0 3.51381698326 1.72543962983  1.19352171489 0.0 0.0 0.0
1.0 1.29004591491 0.0319044391015  -0.225552377896 0.0 0.0 0.0
1.0 0.693377118596 -3.84373192405  -1.19305521091 0.0 0.0 0.0
1.0 -1.51252274204 0.376039796332  0.934916613872 0.0 0.0 0.0
1.0 -3.0216249757 0.229589534183  1.77652023252 0.0 0.0 0.0
1.0 -1.07418437493 0.960542445074  -2.43014836638 0.0 0.0 0.0
1.0 0.00922611666377 -0.0425127376955  -2.7974282071 0.0 0.0 0.0
1.0 -4.6262201585 -0.764574324511  1.16405546979 0.0 0.0 0.0
1.0 -1.0583797023 -4.48840755073  -1.60717441403 0.0 0.0 0.0
1.0 0.242525413917 -0.0912986240285  4.07185289555 0.0 0.0 0.0
1.0 -0.644036899868 2.15800276737  0.640596273272 0.0 0.0 0.0
1.0 -4.48256118627 -1.50596400036  -1.61330825881 0.0 0.0 0.0
1.0 0.324595796184 0.235196162926  2.74288557838 0.0 0.0 0.0
1.0 0.310701273357 2.25843518671  2.2497673526 0.0 0.0 0.0
1.0 -0.382545813109 1.05983430242  -2.07803927964 0.0 0.0 0.0
1.0 -0.730735940751 -2.44668612206  -2.75375605388 0.0 0.0 0.0
1.0 -1.68846909084 -4.16726945968  -0.612898163277 0.0 0.0 0.0
1.0 3.81891912058 0.399975481048  -0.291535118217 0.0 0.0 0.0
1.0 -0.393687366901 -0.443690795389  1.46375171502 0.0 0.0 0.0
1.0 -0.406154258168 0.323300585687  3.28450841608 0.0 0.0 0.0
1.0 1.19137184737 -1.21488347852  4.46294200788 0.0 0.0 0.0
1.0 0.211804381605 -3.47979243612  -1.68045730713 0.0 0.0 0.0
1.0 0.344985760084 0.477493928266  -1.5900794775 0.0 0.0 0.0
1.0 1.72286933101 -0.535043706394  4.24940568065 0.0 0.0 0.0
1.0 -1.1817791689 -4.11891495824  -1.33660667002 0.0 0.0 0.0
1.0 -1.02071118484 0.466203554064  3.02074593391 0.0 0.0 0.0
1.0 0.0257603779991 1.25210391268  2.71602290217 0.0 0.0 0.0
1.0 0.853426781983 1.6740351284  -4.35338743246 0.0 0.0 0.0
1.0 -2.39531636686 -1.74527613729  -1.42495889864 0.0 0.0 0.0
1.0 -0.0527152735458 1.60311641183  4.69229833961 0.0 0.0 0.0
1.0 -2.18444709146 2.04691885699  3.4713076597 0.0 0.0 0.0
1.0 0.828189643922 -0.0764181109185  3.02430548994 0.0 0.0 0.0
1.0 0.407842661336 0.317094082366  4.78588099225 0.0 0.0 0.0
1.0 -3.96179101315 -1.84502585053  2.08842439158 0.0 0.0 0.0
1.0 0.140190925972 -0.756811911262  0.878211626422 0.0 0.0 0.0
1.0 -0.602390008515 1.17983167147  2.7476402682 0.0 0.0 0.0
1.0 1.13026209689 0.00745383578241  -3.72355486918 0.0 0.0 0.0
1.0 -0.746854655194 -2.55716566153  -3.84951527913 0.0 0.0 0.0
1.0 0.393654948963 0.972949610145  -3.72874653197 0.0 0.0 0.0
1.0 1.14769779092 1.27510237472  0.153594933969 0.0 0.0 0.0
1.0 1.11970082545 -2.83564285279  -2.31674979214 0.0 0.0 0.0
1.0 2.92988188511 1.84035839329  -0.121089467077 0.0 0.0 0.0
1.0 -0.105927451432 0.0174142258872  3.21798888276 0.0 0.0 0.0
1.0 0.696283710465 2.75452242549  -0.340053822655 0.0 0.0 0.0
1.0 -1.15819755241 2.28815673249  2.9665076493 0.0 0.0 0.0
1.0 0.951094005053 -2.60523825998  2.77347006241 0.0 0.0 0.0
1.0 -0.177453970739 -0.00631853570129  4.48980782652 0.0 0.0 0.0
1.0 0.608254733268 3.43456196229  -3.22924085453 0.0 0.0 0.0
1.0 -4.01685711997 -0.883847916609  0.608407223344 0.0 0.0 0.0
1.0 -1.04937491502 -0.349381975262  -4.36141111264 0.0 0.0 0.0
1.0 -1.72596754925 0.301747538679  1.22290758098 0.0 0.0 0.0
1.0 1.57639981119 -1.77700255193  3.34702807645 0.0 0.0 0.0
1.0 0.129313646653 2.28319869157  4.19905847658 0.0 0.0 0.0
1.0 2.12379209307 -1.59395542449  0.736579388392 0.0 0.0 0.0
1.0 0.60063502991 -0.740170984551  -0.788192836638 0.0 0.0 0.0
1.0 -0.8239597828 -2.91075602283  1.94987486068 0.0 0.0 0.0
1.0 2.40863609662 1.67541388485  1.01914355756 0.0 0.0 0.0
1.0 -3.89722475544 0.0780962518832  -1.84715941458 0.0 0.0 0.0
1.0 -2.61874231408 0.777558163139  3.52081195642 0.0 0.0 0.0
1.0 2.19085193667 -2.43032091952  -1.24380143674 0.0 0.0 0.0
1.0 -2.14836662722 1.67789240363  0.166082530358 0.0 0.0 0.0
1.0 1.38178744839 -3.72899765519  -2.58030424184 0.0 0.0 0.0
1.0 -0.989649473323 -1.95020407202  3.91741516837 0.0 0.0 0.0
1.0 -2.28205908675 0.934503350338  -0.327867979186 0.0 0.0 0.0
1.0 2.39835336738 -3.53140599933  -1.43425847831 0.0 0.0 0.0
1.0 2.51464461392 -2.91421601351  2.39519583088 0.0 0.0 0.0
1.0 0.216860167762 -2.64120152402  -2.85798984611 0.0 0.0 0.0
1.0 -2.68158818387 1.95651219439  -0.0631656483703 0.0 0.0 0.0
1.0 -3.08130901799 1.94598501566  -2.70710542968 0.0 0.0 0.0
1.0 -3.07788147458 0.912071443918  2.31341697367 0.0 0.0 0.0
1.0 -2.22479424539 0.264819676024  -4.07261164332 0.0 0.0 0.0
1.0 -1.79984285849 3.30386629814  0.19889113802 0.0 0.0 0.0
1.0 -2.2096102999 0.159200544001  -1.70040777324 0.0 0.0 0.0
1.0 2.28497204934 0.711572611666  3.70497383286 0.0 0.0 0.0
1.0 0.290876900753 -0.609808353368  -4.85724089513 0.0 0.0 0.0
1.0 1.93069814098 -1.84738806385  -0.043515353625 0.0 0.0 0.0
1.0 -0.000571337130105 -0.094149886398  4.75042357154 0.0 0.0 0.0
1.0 -2.18774076676 1.2969693437  -2.03233763068 0.0 0.0 0.0
1.0 -1.00305865294 0.850379243972  0.146158603258 0.0 0.0 0.0
1.0 -0.454056290014 1.67487780912  -4.6832985753 0.0 0.0 0.0
1.0 -0.683555381078 1.7497075701  1.33047030354 0.0 0.0 0.0
1.0 0.581814281016 1.45221190553  -2.5370870925 0.0 0.0 0.0
1.0 -0.539080173975 0.376958993969  -3.47028536936 0.0 0.0 0.0
1.0 -0.557056526253 -3.60650112491  0.535006508726 0.0 0.0 0.0
1.0 -0.974973267065 0.545657038405  -2.04541592536 0.0 0.0 0.0
1.0 3.47790481916 2.48894413362  1.1482080472 0.0 0.0 0.0
1.0 -0.151780468383 1.34420429456  4.13169912713 0.0 0.0 0.0
1.0 -2.35626597242 1.08313330813  3.48562180501 0.0 0.0 0.0
1.0 0.858804765892 -2.48541536579  3.28677068579 0.0 0.0 0.0
1.0 -1.46485191367 -3.31098669691  -2.37327406543 0.0 0.0 0.0
1.0 -1.02711479929 -0.0413555175909  4.78685939426 0.0 0.0 0.0
1.0 0.000804835117916 0.360915315887  -2.09554237101 0.0 0.0 0.0
1.0 2.45490106798 0.270431453106  1.43430329165 0.0 0.0 0.0
1.0 -2.59667201084 -1.74804301969  3.41457650469 0.0 0.0 0.0
1.0 -0.480123931748 -2.10135637397  -4.36345822641 0.0 0.0 0.0
1.0 2.23448234728 -1.82007337756  2.54684751627 0.0 0.0 0.0
1.0 1.17509853891 0.451569077984  1.46404215298 0.0 0.0 0.0
1.0 0.646946838646 0.733251259847  4.87670303081 0.0 0.0 0.0
1.0 0.699187110668 -0.587316736186  4.43576288643 0.0 0.0 0.0
1.0 0.564729573719 -3.58127605896  -2.63841528887 0.0 0.0 0.0
1.0 -1.53145739424 3.17362315908  -3.15489636284 0.0 0.0 0.0
1.0 0.145981038102 -0.263431278279  3.77734635794 0.0 0.0 0.0
1.0 -1.78004898559 -2.82851603466  -3.27892452341 0.0 0.0 0.0
1.0 3.37999928323 -0.984246735504  2.68939744937 0.0 0.0 0.0
1.0 -0.782532819266 1.22258554963  -3.70211704098 0.0 0.0 0.0
1.0 -0.920529443768 0.146363462288  2.2452098655 0.0 0.0 0.0
1.0 0.16283822833 -0.0368751308241  3.06274663842 0.0 0.0 0.0
1.0 0.483688723447 1.5702310922  0.568731677488 0.0 0.0 0.0
1.0 0.458207184449 2.30477215283  0.909809048725 0.0 0.0 0.0
1.0 1.60323280482 2.37913980313  -1.31513894929 0.0 0.0 0.0
1.0 -0.0444109772502 -0.307231070973  1.68812146185 0.0 0.0 0.0
1.0 -0.249076748324 2.62621093613  -0.388188205911 0.0 0.0 0.0
1.0 -2.08970131541 0.0141134729557  3.29560394357 0.0 0.0 0.0
1.0 2.51910479882 2.73862935055  3.00194057156 0.0 0.0 0.0
1.0 2.03900095069 -0.00618325648503  -2.78434341372 0.0 0.0 0.0
1.0 -1.07357568184 0.716579400023  -1.95175079433 0.0 0.0 0.0
1.0 -3.70940552938 1.66920299083  1.13928322729 0.0 0.0 0.0
1.0 -0.61488702027 -4.82236720009  0.479202301518 0.0 0.0 0.0
1.0 -0.724293233225 -3.29948624074  3.50841385949 0.0 0.0 0.0
1.0 -1.80191645124 -0.820577800347  -2.46356759534 0.0 0.0 0.0
1.0 2.77877444869 0.840407905166  2.78135859752 0.0 0.0 0.0
1.0 1.15025627193 -1.28254142577  4.32831203044 0.0 0.0 0.0
1.0 0.0438482804158 1.66050638861  -3.35850987949 0.0 0.0 0.0
1.0 -0.753260518616 -0.0321993467145  -4.59225824445 0.0 0.0 0.0
1.0 1.49034880048 4.00457466926  -1.81723704137 0.0 0.0 0.0
1.0 -1.38730246049 0.743874198185  1.45572822033 0.0 0.0 0.0
1.0 2.68125330025 3.64545498443  -0.449547841091 0.0 0.0 0.0
1.0 -1.54055638025 2.46384332513  2.88429033791 0.0 0.0 0.0
1.0 0.173188110048 -3.71439781314  1.89099095631 0.0 0.0 0.0
1.0 -3.29091080355 3.11994900835  1.31502286078 0.0 0.0 0.0
1.0 0.0273429474064 -0.119477576889  -2.17334009093 0.0 0.0 0.0
1.0 3.00465173603 -0.573030630495  2.93842817767 0.0 0.0 0.0
1.0 0.0596123088332 -1.3073097341  -1.93841796644 0.0 0.0 0.0
1.0 0.200046355973 2.85869375043  2.52670464477 0.0 0.0 0.0
1.0 0.0102231874036 -0.207832560514  2.98720246973 0.0 0.0 0.0
1.0 -0.224696961041 0.274467245571  -3.19710185146 0.0 0.0 0.0
1.0 0.0626573070013 -0.0964287299044  2.15661662086 0.0 0.0 0.0
1.0 -1.31929233903 -4.32940005051  0.809327251811 0.0 0.0 0.0
1.0 -1.60449026495 3.03347608469  1.09996990325 0.0 0.0 0.0
1.0 -0.0226816909708 -0.154249467573  2.21921017393 0.0 0.0 0.0
1.0 0.0603659751846 -0.932400778256  -3.70988953064 0.0 0.0 0.0
1.0 0.340443345638 -3.49876570599  -0.668580885063 0.0 0.0 0.0
1.0 -0.748221666503 0.0494269182079  2.14458083975 0.0 0.0 0.0
1.0 0.861061687777 -0.62655189275  3.7090977746 0.0 0.0 0.0
1.0 2.13715321845 3.353312155  -1.08221465276 0.0 0.0 0.0
1.0 0.292504931238 -1.57532868698  -2.59258741422 0.0 0.0 0.0
1.0 -0.43288363071 0.0957740163589  3.2258699925 0.0 0.0 0.0
1.0 0.487750325556 0.819840312642  -4.20538295784 0.0 0.0 0.0
1.0 -0.534921704664 -0.338863236004  -4.76314532764 0.0 0.0 0.0
1.0 0.461587223795 1.6231352765  -4.59388682166 0.0 0.0 0.0
1.0 0.193868089892 -2.54016167498  1.08571665729 0.0 0.0 0.0
1.0 -2.23237973167 0.111959526718  0.866873113691 0.0 0.0 0.0
1.0 1.11606784895 -2.27248924425  0.303769243856 0.0 0.0 0.0
1.0 0.0321716877798 -2.33778650647  3.78460087368 0.0 0.0 0.0
1.0 -1.15693446597 0.54658120511  3.60319603869 0.0 0.0 0.0
1.0 2.74892854439 -1.78983931976  1.0113711228 0.0 0.0 0.0
1.0 -2.2683736127 -0.124834118586  -0.210359049643 0.0 0.0 0.0
1.0 -0.0684556646426 -0.441260530738  3.85815462442 0.0 0.0 0.0
1.0 1.77267757481 -1.15391205812  3.76696243052 0.0 0.0 0.0
1.0 -0.756022262378 -1.79955050686  1.87064600559 0.0 0.0 0.0
1.0 3.3638386619 -1.39552021708  3.21036726147 0.0 0.0 0.0
1.0 0.0636955278792 0.84707383632  3.51994866435 0.0 0.0 0.0
1.0 1.24331079675 0.937962647454  -3.62767209115 0.0 0.0 0.0
1.0 -0.842727610181 -0.811884014327  0.318819340928 0.0 0.0 0.0
1.0 1.51287302903 -1.80819090955  4.08648483641 0.0 0.0 0.0
1.0 -0.0655556131851 -0.874448190682  4.06045890238 0.0 0.0 0.0
1.0 -0.0291431528534 -0.00310509411681  -4.79996832568 0.0 0.0 0.0
1.0 1.42544328036 0.257949278921  -4.29003436137 0.0 0.0 0.0
1.0 0.30159640264 -4.84284447299  -0.405885957665 0.0 0.0 0.0
1.0 1.38323021547 4.17494905785  -1.95857627743 0.0 0.0 0.0
1.0 -1.12933533777 -0.866554197427  -1.40651906268 0.0 0.0 0.0
1.0 -1.91765296214 -3.07455109677  -0.138007974485 0.0 0.0 0.0
1.0 0.787180596006 0.600549717796  -2.20656095906 0.0 0.0 0.0
1.0 -3.68706864796 -2.44564283236  1.52730943948 0.0 0.0 0.0
1.0 -1.95454462266 -2.46646028185  -0.358666428318 0.0 0.0 0.0
1.0 -2.35319168878 -2.65933066768  3.12009485574 0.0 0.0 0.0
1.0 -0.299091959594 -0.24941123782  -0.729933085229 0.0 0.0 0.0
1.0 1.53346753252 -3.55299379977  1.68403796962 0.0 0.0 0.0
1.0 -0.0409518248598 -1.67204340345  3.00784696366 0.0 0.0 0.0
1.0 -2.49206588725 -3.47551496599  -2.41540160387 0.0 0.0 0.0
1.0 3.62034421507 3.3189122793  0.0191478517872 0.0 0.0 0.0
1.0 -1.27149322327 2.94310348127  1.5067014768 0.0 0.0 0.0
1.0 -3.37881202852 -2.02707030455  -1.61386206641 0.0 0.0 0.0
1.0 0.14229634276 4.33665953328  -0.585404149178 0.0 0.0 0.0
1.0 -0.308918077241 -1.50380245995  -4.59177069683 0.0 0.0 0.0
1.0 -0.525244866508 2.24156450366  1.32878471057 0.0 0.0 0.0
1.0 -2.25614025629 1.63640195927  -2.58649193818 0.0 0.0 0.0
1.0 -2.72936383124 -2.1890023729  -2.224083713 0.0 0.0 0.0
1.0 -1.8708805137 0.926190340449  -0.329136595341 0.0 0.0 0.0
1.0 -2.81237080484 0.163956722244  -1.25104787691 0.0 0.0 0.0
1.0 0.0236945197516 -1.28250366513  -3.13203528339 0.0 0.0 0.0
1.0 2.99825950296 2.02040640473  -0.279763990134 0.0 0.0 0.0
1.0 1.19735738198 -1.08762007897  3.27329587137 0.0 0.0 0.0
1.0 2.80987259529 0.399936206123  -3.81864715028 0.0 0.0 0.0
1.0 -2.59933715891 -1.99476796144  3.54543489741 0.0 0.0 0.0
1.0 -2.96713560868 -3.95166333403  0.739369253035 0.0 0.0 0.0
1.0 1.72230397639 -2.7893240498  -3.50674101531 0.0 0.0 0.0
1.0 -2.42961777738 2.30971958511  -2.62019950853 0.0 0.0 0.0
1.0 0.976828373523 -0.153875133918  -2.12145564905 0.0 0.0 0.0
1.0 -0.552523405507 2.9957207385  -1.80805118554 0.0 0.0 0.0
1.0 0.0795047587974 0.26845895992  -2.51725807127 0.0 0.0 0.0
1.0 -1.24271723002 -0.623978564428  -4.13881145124 0.0 0.0 0.0
1.0 1.21920118998 0.546833972583  -4.2178249626 0.0 0.0 0.0
1.0 0.707028261947 0.301291249323  1.27811665391 0.0 0.0 0.0
1.0 -0.591524307936 -0.313791139557  -3.01976131479 0.0 0.0 0.0
1.0 -1.63956335269 2.79716504543  1.42009395289 0.0 0.0 0.0
1.0 -0.94234341368 1.07996966718  1.8631860554 0.0 0.0 0.0
1.0 1.19569953363 1.53292909091  1.76723956165 0.0 0.0 0.0
1.0 0.030935767577 0.240594280677  3.98620517994 0.0 0.0 0.0
1.0 -0.217151565873 0.0355534325827  -1.49503708038 0.0 0.0 0.0
1.0 0.48727244661 -0.38444267681  -4.79430604557 0.0 0.0 0.0
1.0 2.58373998241 1.45035702325  3.7828189275 0.0 0.0 0.0
1.0 -0.749232544794 0.479645338094  4.021676047 0.0 0.0 0.0
1.0 0.886359615381 0.60116945499  -4.04370927937 0.0 0.0 0.0
1.0 -0.00139101247761 -1.08588098584  -3.27964689546 0.0 0.0 0.0
1.0 0.24496781805 0.107101228111  -4.28494593069 0.0 0.0 0.0
1.0 1.23817747094 3.25499084903  2.28709021884 0.0 0.0 0.0
1.0 0.133287751075 0.14550148599  -2.22811314144 0.0 0.0 0.0
1.0 -3.71305869005 3.04089030539  -1.34675290863 0.0 0.0 0.0
1.0 -2.29762322764 0.851627998505  2.44541526152 0.0 0.0 0.0
1.0 0.122445069616 -1.87151258116  -1.09240212822 0.0 0.0 0.0
1.0 -0.609892045382 2.40949526792  3.50704936135 0.0 0.0 0.0
1.0 2.09963988236 1.37341367082  -3.80977446696 0.0 0.0 0.0
1.0 0.82496059788 -0.403759165885  -3.19866397422 0.0 0.0 0.0
1.0 0.198348636207 -0.149186852538  -3.43076719632 0.0 0.0 0.0
1.0 0.608442638726 -0.131160645643  -1.81124332115 0.0 0.0 0.0
1.0 1.9572195532 -0.30705864454  2.94333339315 0.0 0.0 0.0
1.0 4.29122312879 -1.61446454269  1.06520183885 0.0 0.0 0.0
1.0 3.76220630626 1.3021685746  -0.334664156562 0.0 0.0 0.0
1.0 -1.05385114338 2.65641093066  -1.81764388379 0.0 0.0 0.0
1.0 1.70422009826 2.03868203081  -2.593197415 0.0 0.0 0.0
1.0 3.61834924684 -0.33338658239  2.14384966281 0.0 0.0 0.0
1.0 -0.598902562505 0.144041201809  -0.751430818608 0.0 0.0 0.0
1.0 -0.698637203256 0.645874750087  1.05266361348 0.0 0.0 0.0
1.0 2.07571734955 -3.14899349278  0.995163970358 0.0 0.0 0.0
1.0 -0.614142300091 1.31040331342  3.68642750818 0.0 0.0 0.0
1.0 -1.74306351081 -0.342539554529  2.16064403294 0.0 0.0 0.0
1.0 -0.971033133804 0.208339462299  -3.50711224236 0.0 0.0 0.0
1.0 0.418180009758 -0.760089476038  -3.33375573405 0.0 0.0 0.0
1.0 -0.608189416883 -0.276424093313  -1.45322496381 0.0 0.0 0.0
1.0 -4.39952676302 -0.0203032566421  -1.28258683242 0.0 0.0 0.0
1.0 0.202721828286 -0.170594465066  4.26518416105 0.0 0.0 0.0
1.0 -2.48388249285 1.44836957874  0.592335720666 0.0 0.0 0.0
1.0 -3.45613336446 -2.65663647433  1.76525815853 0.0 0.0 0.0
1.0 0.552868119744 4.63279258072  1.29993143275 0.0 0.0 0.0
1.0 2.01703855844 2.39924857583  2.35150070724 0.0 0.0 0.0
1.0 -0.339391019848 0.264177935178  -4.42859600673 0.0 0.0 0.0
1.0 -2.6594742136 1.48603862149  -0.274816069796 0.0 0.0 0.0
1.0 -1.08342493007 0.517506230744  4.35459072619 0.0 0.0 0.0
1.0 0.44136162708 -1.16821603274  -2.92835845898 0.0 0.0 0.0
1.0 0.865776376785 -1.13109530117  0.76013773656 0.0 0.0 0.0
1.0 -1.51534554944 -4.29251385456  1.29444258833 0.0 0.0 0.0
1.0 1.63181395497 0.107388336202  4.03326111652 0.0 0.0 0.0
1.0 0.413188335798 -1.33869854018  -4.44666609645 0.0 0.0 0.0
1.0 -3.18763551791 1.59567034119  -2.39346458318 0.0 0.0 0.0
1.0 -0.093685294816 1.86646839822  -1.10436981832 0.0 0.0 0.0
1.0 0.126887508277 0.0899184696978  -2.94067803503 0.0 0.0 0.0
1.0 -3.05008176459 1.08282414119  2.87557635009 0.0 0.0 0.0
1.0 1.17047712333 -0.0605353529438  -2.37644964653 0.0 0.0 0.0
1.0 0.0827116220184 2.3697146276  1.81407648083 0.0 0.0 0.0
1.0 -0.62520271727 -2.83396397236  -3.99854450824 0.0 0.0 0.0
1.0 0.0105754520495 0.0923912216733  0.246696582887 0.0 0.0 0.0
1.0 -3.65376775428 0.906590724025  -0.308479571635 0.0 0.0 0.0
1.0 0.680179363664 -0.629364037502  2.02742647076 0.0 0.0 0.0
1.0 0.0837741064632 -0.0335342748324  -1.92435864192 0.0 0.0 0.0
1.0 3.70415123949 0.673793095671  2.66925910123 0.0 0.0 0.0
1.0 0.259117539104 3.79702676801  0.0761496893189 0.0 0.0 0.0
1.0 -0.450421063155 -2.06534045664  -3.17067746848 0.0 0.0 0.0
1.0 -3.01156152491 -3.28161947842  -0.965897046984 0.0 0.0 0.0
1.0 -0.226915140393 -0.887080632148  4.74619283494 0.0 0.0 0.0
1.0 -1.12651847179 -2.87973961244  -2.99695677321 0.0 0.0 0.0
1.0 -0.0502703705 0.331267413195  3.89270906306 0.0 0.0 0.0
1.0 -3.29662576497 1.76003088902  2.8519319843 0.0 0.0 0.0
1.0 0.236826829154 0.299766654865  3.77677253648 0.0 0.0 0.0
1.0 2.03924961809 1.15656968115  0.132028922213 0.0 0.0 0.0
1.0 0.105224912605 0.0638749096629  3.55917174975 0.0 0.0 0.0
1.0 1.8750986071 -2.95870831543  0.456458755538 0.0 0.0 0.0
1.0 -0.660420161088 0.0241252786925  4.24401056337 0.0 0.0 0.0
1.0 -3.13678031755 0.550543337128  -2.14586625073 0.0 0.0 0.0
1.0 -2.20177093923 2.16371046742  2.62239586082 0.0 0.0 0.0
1.0 -1.46647868302 1.88606801582  -2.8127744401 0.0 0.0 0.0
1.0 3.3448377672 0.556278851075  -2.55410768904 0.0 0.0 0.0
1.0 -1.79163861178 2.80056336953  1.46635338728 0.0 0.0 0.0
1.0 0.017401345884 2.46948326786  2.5050365999 0.0 0.0 0.0
1.0 -1.68834537717 -3.63561305843  -2.38690305437 0.0 0.0 0.0
1.0 -3.25597242085 2.60208989191  2.4892014544 0.0 0.0 0.0
1.0 4.31756991299 -0.71797202473  -0.863390904299 0.0 0.0 0.0
1.0 1.00988785654 2.81324163007  -2.98897710539 0.0 0.0 0.0
1.0 2.99009198125 0.488090632958  -3.85011413563 0.0 0.0 0.0
1.0 2.60140118092 2.51313249164  3.00841695063 0.0 0.0 0.0
1.0 0.308998006408 0.743195545237  -4.52134581487 0.0 0.0 0.0
1.0 2.81105011782 -2.88904561794  0.954185111281 0.0 0.0 0.0
1.0 -1.04727867069 -3.42098179148  2.99299247255 0.0 0.0 0.0
1.0 -0.146276182852 -0.0168473043367  -4.94055351764 0.0 0.0 0.0
1.0 0.594521233884 1.77026536194  -1.32542998376 0.0 0.0 0.0
1.0 2.50206715851 2.49803356684  2.34147321798 0.0 0.0 0.0
1.0 4.79288669624 -0.350375796914  0.753541015936 0.0 0.0 0.0
1.0 0.0904998886288 0.172950952665  4.96930101773 0.0 0.0 0.0
1.0 -0.160671792126 2.74693920486  3.48817221008 0.0 0.0 0.0
1.0 -1.30793183694 2.48997520703  2.17439812006 0.0 0.0 0.0
1.0 -0.444911623149 -0.30885728416  -4.43873696134 0.0 0.0 0.0
1.0 -3.40735378279 -1.6109933452  -1.45613749993 0.0 0.0 0.0
1.0 2.72738986316 -2.32115336935  0.804280378018 0.0 0.0 0.0
1.0 -2.66755062066 -2.79562505054  -1.13091493342 0.0 0.0 0.0
1.0 -1.35321402581 2.58249164221  -2.38959720062 0.0 0.0 0.0
1.0 0.132161208213 0.56133708672  3.61447553959 0.0 0.0 0.0
1.0 -1.49390282134 0.568175701725  -0.947366457423 0.0 0.0 0.0
1.0 0.343314909252 -0.182230570396  2.96649811572 0.0 0.0 0.0
1.0 -0.0974177316571 0.561375270963  -4.88509969645 0.0 0.0 0.0
1.0 0.236138839485 -1.75746976704  0.47800245221 0.0 0.0 0.0
1.0 2.02092013702 3.04587323761  0.279477686726 0.0 0.0 0.0
1.0 2.47861557936 0.499429555439  -0.290287648715 0.0 0.0 0.0
1.0 1.56091337616 -0.0233555366725  -0.626851559345 0.0 0.0 0.0
1.0 3.14326572342 -1.0262611768  2.44676322488 0.0 0.0 0.0
1.0 1.13964919619 -1.78929482373  -2.81934617936 0.0 0.0 0.0
1.0 -0.801343695696 1.45493066483  -2.72793942287 0.0 0.0 0.0
1.0 0.0472837946775 -0.165045574758  -3.27453791235 0.0 0.0 0.0
1.0 1.16416022181 -0.761501609039  -3.86791694641 0.0 0.0 0.0
1.0 0.879426166315 -0.112438455725  -3.24406772076 0.0 0.0 0.0
1.0 -1.69412122074 3.12267746916  1.16790831712 0.0 0.0 0.0
1.0 -0.356516727043 -2.05533342137  3.18799789646 0.0 0.0 0.0
1.0 0.852631726397 3.11376953106  1.50511239115 0.0 0.0 0.0
1.0 0.739700120002 0.48485595262  1.40655534917 0.0 0.0 0.0
1.0 -0.201291342594 -0.433738583609  -3.42674446744 0.0 0.0 0.0
1.0 -0.276131092548 -0.0550434443394  -3.63457503926 0.0 0.0 0.0
1.0 -0.436740614598 1.44771911328  4.32484278961 0.0 0.0 0.0
1.0 -0.715520002593 -3.06388079912  -0.867790286374 0.0 0.0 0.0
1.0 2.99066485112 -0.44978962712  -0.242162749202 0.0 0.0 0.0
1.0 0.336944847928 3.57406627452  1.45153072091 0.0 0.0 0.0
1.0 -0.424375016896 1.79486282187  1.01696371792 0.0 0.0 0.0
1.0 4.06553388051 1.30082299517  1.14338441061 0.0 0.0 0.0
1.0 -1.3835923837 3.04733797872  -0.982865952997 0.0 0.0 0.0
1.0 1.0673221729 0.265496333208  4.64694694044 0.0 0.0 0.0
1.0 -0.324893759335 0.815003911602  -3.82558426576 0.0 0.0 0.0
1.0 -0.120598566052 -1.36051379492  -1.28228112683 0.0 0.0 0.0
1.0 -0.149597362655 -1.7027139258  -0.345998240772 0.0 0.0 0.0
1.0 0.857232855892 1.66453204236  2.37377787604 0.0 0.0 0.0
1.0 2.59283764439 -1.95916454709  -2.07083342042 0.0 0.0 0.0
1.0 -0.547358397046 3.0509251859  -0.200917628554 0.0 0.0 0.0
1.0 0.887872467794 -0.447543101377  3.40939102099 0.0 0.0 0.0
1.0 2.02610440195 -0.718430550187  -3.32570663614 0.0 0.0 0.0
1.0 2.29003080065 0.913505092401  1.58780029081 0.0 0.0 0.0
1.0 -0.596813934733 -0.116840454438  4.01178953429 0.0 0.0 0.0
1.0 0.769908602321 -2.11575226833  2.95655883793 0.0 0.0 0.0
1.0 -3.26250534993 2.36733172163  0.311541401142 0.0 0.0 0.0
1.0 -0.123412849695 2.10679345305  -1.84287881001 0.0 0.0 0.0
1.0 -2.21760121801 0.896845305135  1.6996989976 0.0 0.0 0.0
1.0 -0.936562747199 3.14327666265  -1.02519624312 0.0 0.0 0.0
1.0 1.43217372077 0.0794210992341  -4.60907622854 0.0 0.0 0.0
1.0 -2.38689163783 3.26964141217  1.868206857 0.0 0.0 0.0
1.0 -2.45292008244 -0.360463530323  1.14204666655 0.0 0.0 0.0
1.0 0.0959114121164 -0.163648783807  1.75157047531 0.0 0.0 0.0
1.0 -2.17516139862 -0.652698555231  3.12173204777 0.0 0.0 0.0
1.0 0.661763986874 1.83229745794  4.09089453393 0.0 0.0 0.0
1.0 3.63168951056 -1.33999445561  0.483932192735 0.0 0.0 0.0
1.0 2.24164584435 -0.457367886525  -0.75267613629 0.0 0.0 0.0
1.0 0.388410798433 4.35092010876  -0.369787152427 0.0 0.0 0.0
1.0 0.228189165278 0.880579288148  2.10602238021 0.0 0.0 0.0
1.0 0.258611648426 1.08857296321  1.23820929997 0.0 0.0 0.0
1.0 2.43408001936 2.12552158966  -2.29041515613 0.0 0.0 0.0
1.0 -0.144066652219 0.2651457511  2.82895572371 0.0 0.0 0.0
1.0 -2.00406374461 3.12872972953  -1.89411694494 0.0 0.0 0.0
1.0 0.000313567288775 -0.422320580738  0.310764005365 0.0 0.0 0.0
1.0 -0.0549647952838 -0.103196786788  -2.12267142923 0.0 0.0 0.0
1.0 1.68634691514 -2.52353030574  0.0117920965411 0.0 0.0 0.0
1.0 -2.14807820342 3.30425291312  -1.5255710079 0.0 0.0 0.0
1.0 1.2552602661 0.0227542033225  2.59235764065 0.0 0.0 0.0
1.0 -1.16362011754 -0.00669732646806  -3.09497105647 0.0 0.0 0.0
1.0 -0.620952457502 -3.2882119272  2.20149034901 0.0 0.0 0.0
1.0 -0.232536475092 -0.0396332922896  4.080806593 0.0 0.0 0.0
1.0 -2.3240561979 1.58279061318  2.3308193985 0.0 0.0 0.0
1.0 -0.160567508172 -1.98536899714  -2.74434284202 0.0 0.0 0.0
1.0 3.89699460477 0.16074461411  0.0113721838702 0.0 0.0 0.0
1.0 -1.84929300087 -1.17529501287  1.88951423077 0.0 0.0 0.0
1.0 0.712183376484 0.845710927218  4.24600446458 0.0 0.0 0.0
1.0 -0.875681255557 -1.02539033951  3.64575187281 0.0 0.0 0.0
1.0 0.24159712333 -0.92709030808  -4.66048203648 0.0 0.0 0.0
1.0 -0.197814091859 0.461201549282  -3.54969822531 0.0 0.0 0.0
1.0 1.3925895307 1.83985019048  0.890332247863 0.0 0.0 0.0
1.0 0.941920579672 3.48094657984  -2.09886561493 0.0 0.0 0.0
1.0 -4.00912274984 -1.77173118871  -0.196701470001 0.0 0.0 0.0
1.0 0.104500842562 0.104214999113  -1.20760455978 0.0 0.0 0.0
1.0 3.52623528105 2.64474657607  1.24883311564 0.0 0.0 0.0
1.0 -1.44755877328 -4.48930159634  0.0952004551704 0.0 0.0 0.0
1.0 1.79969948552 2.91587346626  -1.4486668422 0.0 0.0 0.0
1.0 -2.73844846948 1.65104445496  -0.378510676279 0.0 0.0 0.0
1.0 0.323685155761 0.472917727889  -3.09813481177 0.0 0.0 0.0
1.0 -0.360641900998 -3.16959762748  0.663559667863 0.0 0.0 0.0
1.0 0.259378630228 -0.504705169244  -4.78025955495 0.0 0.0 0.0
1.0 -1.26746812887 2.57492541643  3.52577659073 0.0 0.0 0.0
1.0 0.735669070545 -0.419716487125  -4.44625330771 0.0 0.0 0.0
1.0 2.77566451682 2.74051923749  3.11140164352 0.0 0.0 0.0
1.0 -2.12338169773 2.27072529338  3.19532075716 0.0 0.0 0.0
1.0 3.16856406557 -1.86631842524  1.77699283633 0.0 0.0 0.0
1.0 0.0589528677043 -0.0983306341741  2.29985565614 0.0 0.0 0.0
1.0 1.36281234507 0.169819077643  -1.55456714999 0.0 0.0 0.0
1.0 -3.54862354158 -1.07124533554  -1.41363565583 0.0 0.0 0.0
1.0 -3.96694559146 -2.12911786249  0.697595573138 0.0 0.0 0.0
1.0 -0.212080211662 -0.696072094848  -4.19502497792 0.0 0.0 0.0
1.0 -1.65629285116 0.270012821583  -2.62678165534 0.0 0.0 0.0
1.0 -1.69598070439 1.62701342971  4.08340350133 0.0 0.0 0.0
1.0 3.64377759633 -0.726999310208  1.27773680564 0.0 0.0 0.0
1.0 -0.619270475406 -1.51983314772  3.41789777902 0.0 0.0 0.0
1.0 -0.730998109644 0.066619720564  -0.874377253218 0.0 0.0 0.0
1.0 -0.0699586337699 1.00913286186  -3.65454368008 0.0 0.0 0.0
1.0 0.307915413207 -0.244940608014  -2.4187120271 0.0 0.0 0.0
1.0 2.80999939448 -1.25139850912  -3.88652005412 0.0 0.0 0.0
1.0 0.0727098352564 0.0381539964697  -4.79022830573 0.0 0.0 0.0
1.0 1.05745857741 -2.42482111944  -0.753177939697 0.0 0.0 0.0
1.0 -1.14084556319 -2.54730926168  -0.541972841009 0.0 0.0 0.0
1.0 -0.18575457587 0.575421342538  3.00397629154 0.0 0.0 0.0
1.0 0.412272785576 -4.11387887202  0.258884001114 0.0 0.0 0.0
1.0 -4.72685836959 0.714097447448  -0.979206030156 0.0 0.0 0.0
1.0 -1.94885122995 3.0261523459  -3.16637746385 0.0 0.0 0.0
1.0 0.136718583607 -3.73206662974  -3.20231518052 0.0 0.0 0.0
1.0 -2.74185070278 1.31612411531  0.779448670333 0.0 0.0 0.0
1.0 0.111544154431 -0.481309887729  2.65801315168 0.0 0.0 0.0
1.0 1.21307438497 -4.27823827476  0.984125147585 0.0 0.0 0.0
1.0 -1.72552407041 -1.09561428444  4.09191714968 0.0 0.0 0.0
1.0 0.0727265937327 -3.07047318471  2.78612807793 0.0 0.0 0.0
1.0 0.686167532697 1.3003770476  -3.56049877025 0.0 0.0 0.0
1.0 -1.46037188898 2.11119370089  -1.92435444478 0.0 0.0 0.0
1.0 -3.46977638645 -1.45505519118  0.699026555789 0.0 0.0 0.0
1.0 -0.0500714546319 2.52587571508  -3.68582814659 0.0 0.0 0.0
1.0 1.3707933603 2.20457382535  1.17001013867 0.0 0.0 0.0
1.0 -1.84150647212 -0.251786901041  2.35059417132 0.0 0.0 0.0
1.0 0.537517960857 -3.54319864505  0.987221823702 0.0 0.0 0.0
1.0 -1.29873747367 -0.656678605001  0.974106584243 0.0 0.0 0.0
1.0 -1.97967511975 -1.89152541253  -3.32870290723 0.0 0.0 0.0
1.0 -0.710011400045 0.764331839303  -4.15852252767 0.0 0.0 0.0
1.0 0.657408111243 1.56459517463  -2.84208815534 0.0 0.0 0.0
1.0 3.56959606229 0.136274686484  -2.95014388455 0.0 0.0 0.0
1.0 -1.39847932621 3.78378818253  2.52742224067 0.0 0.0 0.0
1.0 -3.34021973147 -0.670476904885  -0.0979326682813 0.0 0.0 0.0
1.0 0.17846734668 0.0655573066051  -4.60198826964 0.0 0.0 0.0
1.0 -2.57507723463 -4.09006074719  0.546057156205 0.0 0.0 0.0
1.0 1.03949418553 -3.2335769281  3.01057307679 0.0 0.0 0.0
1.0 0.442173190104 1.10318911491  1.0707422873 0.0 0.0 0.0
1.0 1.04918443124 -4.20180796649  0.0334803283515 0.0 0.0 0.0
1.0 -2.34277686931 -0.822254777748  1.10378741504 0.0 0.0 0.0
1.0 3.55506314429 -0.257194169912  0.2309834975 0.0 0.0 0.0
1.0 0.0613183117899 0.0452249388033  -4.89020541982 0.0 0.0 0.0
1.0 -1.8206669394 -4.32688345036  1.35628369648 0.0 0.0 0.0
1.0 -1.25600001878 -0.607073778747  4.33875375531 0.0 0.0 0.0
1.0 2.19051331746 -3.77295618098  -1.31743351056 0.0 0.0 0.0
1.0 0.713937756986 3.33060417992  -0.439801166803 0.0 0.0 0.0
1.0 -0.343650942353 -4.42548799208  -1.97046521109 0.0 0.0 0.0
1.0 0.149414707228 1.42504992707  -3.18185425475 0.0 0.0 0.0
1.0 0.403410047565 -0.48454675778  3.53409000016 0.0 0.0 0.0
1.0 2.08658986986 -2.39543462007  -3.82926347902 0.0 0.0 0.0
1.0 1.63076115428 -1.21119417834  -4.22852348584 0.0 0.0 0.0
1.0 0.385479774507 0.062910339671  -4.57168399237 0.0 0.0 0.0
1.0 -0.410593929721 -0.34994405829  3.74243306625 0.0 0.0 0.0
1.0 0.19122608675 -0.933986225298  1.9412741052 0.0 0.0 0.0
1.0 2.72500775668 1.91575336492  -0.773283469251 0.0 0.0 0.0
1.0 3.29129195037 -1.53728023481  -2.03921462912 0.0 0.0 0.0
1.0 -1.7522079226 3.04243853165  1.98522353023 0.0 0.0 0.0
1.0 1.04482441303 2.96500667691  2.09281589839 0.0 0.0 0.0
1.0 -0.545878271801 -1.00669861331  3.82544271732 0.0 0.0 0.0
1.0 -2.76512672441 -0.802318641825  3.76440970594 0.0 0.0 0.0
1.0 1.23415444136 -1.21929475399  -1.78181213427 0.0 0.0 0.0
1.0 2.54120483251 -4.21323374209  0.436818312189 0.0 0.0 0.0
1.0 -1.38338247146 3.22350103185  2.84973655595 0.0 0.0 0.0
1.0 -1.70288585199 0.22852229308  1.86337517969 0.0 0.0 0.0
1.0 -2.84236892057 -2.50962127355  0.109822141584 0.0 0.0 0.0
1.0 -1.97957238495 0.597905479509  -2.24282862986 0.0 0.0 0.0
1.0 2.77097655522 0.362863935051  0.0227687395289 0.0 0.0 0.0
1.0 0.986453595364 2.12058572018  -4.34973445384 0.0 0.0 0.0
1.0 -1.50311007633 -2.56464754753  -1.39262504925 0.0 0.0 0.0
1.0 -1.00954381742 -0.000475954613179  -3.92291612203 0.0 0.0 0.0
1.0 -1.95728621264 2.87827016003  0.647528673064 0.0 0.0 0.0
1.0 1.69668785082 1.54924460674  0.38376344826 0.0 0.0 0.0
1.0 0.800055810072 3.10123600952  1.3625213951 0.0 0.0 0.0
1.0 -1.94153217215 1.44281744405  -1.58623178228 0.0 0.0 0.0
1.0 2.21981996787 1.9282019332  -1.90615110197 0.0 0.0 0.0
1.0 -2.15861715256 -2.63699756076  -3.48663813451 0.0 0.0 0.0
1.0 1.10254208634 -1.48629393581  -0.772888117348 0.0 0.0 0.0
1.0 0.937966589045 -1.08341857483  3.81237347869 0.0 0.0 0.0
1.0 2.90769890875 -2.13873911869  2.12781184872 0.0 0.0 0.0
1.0 1.39453780421 -1.66733943803  -3.46206313692 0.0 0.0 0.0
1.0 3.08257245918 2.58780868368  2.70216194815 0.0 0.0 0.0
1.0 -0.6978313458 -1.35818744935  -1.39735426832 0.0 0.0 0.0
1.0 -3.25223538342 -2.44746598613  -0.871613530542 0.0 0.0 0.0
1.0 0.410043825354 -0.693290746948  -1.48668900655 0.0 0.0 0.0
1.0 -1.35433157394 0.395693581915  -4.40147047009 0.0 0.0 0.0
1.0 -1.05254449972 0.674338226906  4.67135786931 0.0 0.0 0.0
1.0 4.53035591458 -1.05228233848  1.04240442622 0.0 0.0 0.0
1.0 -0.0135167290111 -0.585324116146  -3.33274162548 0.0 0.0 0.0
1.0 0.306833510009 3.89993322058  2.98021510283 0.0 0.0 0.0
1.0 -1.43579168866 4.26190239853  2.17317815528 0.0 0.0 0.0
1.0 1.31990055071 1.18207692136  -4.1010617228 0.0 0.0 0.0
1.0 -1.19625355919 3.99351301478  -1.16751658539 0.0 0.0 0.0
1.0 -0.646892289685 -0.44968537749  -0.867152340086 0.0 0.0 0.0
1.0 1.29619179286 0.0944352519661  -3.60246981402 0.0 0.0 0.0
1.0 0.473612730096 0.234516960379  -4.58353597041 0.0 0.0 0.0
1.0 3.21679106201 3.01862024354  0.81214178753 0.0 0.0 0.0
1.0 0.0899802886182 0.0879915192115  -4.09967612228 0.0 0.0 0.0
1.0 -0.368751247434 0.871669728109  2.33712824706 0.0 0.0 0.0
1.0 -0.472910743263 -3.67060128028  2.6971710178 0.0 0.0 0.0
1.0 -1.65024205969 1.68338991115  0.273795332994 0.0 0.0 0.0
1.0 -0.258026241884 -1.70199679556  -3.60813150777 0.0 0.0 0.0
1.0 -0.15839904034 -0.840942533849  4.6365661227 0.0 0.0 0.0
1.0 0.223167617908 1.64765283025  -4.14766479426 0.0 0.0 0.0
1.0 3.33001933252 -1.92057222503  -3.13926847811 0.0 0.0 0.0
1.0 -0.158904696745 0.532855879626  2.28476596168 0.0 0.0 0.0
1.0 2.55444257298 0.672942052878  -2.44536581214 0.0 0.0 0.0
1.0 0.857089140256 2.61607364831  2.3681761847 0.0 0.0 0.0
1.0 0.458540921452 -0.848309865104  0.914556074983 0.0 0.0 0.0
1.0 -0.628368886629 -2.02547932803  -3.53450726354 0.0 0.0 0.0
1.0 4.2035036441 -0.189537045548  -2.52550262818 0.0 0.0 0.0
1.0 1.38640563066 -0.673031005374  3.73094001386 0.0 0.0 0.0
1.0 -0.921633756124 0.327491669027  2.64133921924 0.0 0.0 0.0
1.0 2.81639764417 -1.69414658585  3.39131175031 0.0 0.0 0.0
1.0 -0.15385039374 0.101894789168  -2.89095057591 0.0 0.0 0.0
1.0 3.92710809855 0.998008378969  -1.99186409663 0.0 0.0 0.0
1.0 2.57344566503 0.220731335122  -4.00437311727 0.0 0.0 0.0
1.0 1.87415642716 -3.08843353398  -2.19403666601 0.0 0.0 0.0
1.0 -0.442397553131 0.0851655526619  1.84584406578 0.0 0.0 0.0
1.0 1.01503399911 0.242386663666  -4.63288891349 0.0 0.0 0.0
1.0 -0.780673406776 -0.174572338854  4.65090288988 0.0 0.0 0.0
1.0 3.6425134159 -1.27646706177  -2.19561774578 0.0 0.0 0.0
1.0 -1.8824141686 -2.88998201632  2.88002797492 0.0 0.0 0.0
1.0 -0.609717412921 -0.425254218085  -3.61420396772 0.0 0.0 0.0
1.0 -3.60389937237 -0.409003756806  -2.85905263285 0.0 0.0 0.0
1.0 -0.312837709603 0.19032459394  -4.48936776689 0.0 0.0 0.0
1.0 1.27947424988 0.89381842202  -4.07133869373 0.0 0.0 0.0
1.0 -0.244151847905 1.59720330262  -4.41187014458 0.0 0.0 0.0
1.0 -2.47922711947 -0.768328750249  1.2841308114 0.0 0.0 0.0
1.0 0.888344971659 -2.84252733078  3.59294139278 0.0 0.0 0.0
1.0 2.84220831014 -1.79796940366  3.08289365131 0.0 0.0 0.0
1.0 4.23504539448 1.43561645696  -0.310207737506 0.0 0.0 0.0
1.0 -3.7258717008 2.93969828736  0.239517946682 0.0 0.0 0.0
1.0 -0.205853780959 -1.29346947639  1.26510086318 0.0 0.0 0.0
1.0 0.0961542729491 -3.11061913883  -3.18370726443 0.0 0.0 0.0
1.0 3.46538188534 -2.86654792579  -0.202266781442 0.0 0.0 0.0
1.0 3.42247921899 -2.38389857391  -2.55573533027 0.0 0.0 0.0
1.0 3.65577551544 1.7437301873  -1.55535208779 0.0 0.0 0.0
1.0 2.17232706229 -0.382181288522  -4.02688369114 0.0 0.0 0.0
1.0 3.1325928128 0.518056043672  2.7160756096 0.0 0.0 0.0
1.0 -1.47722983139 -2.29950298554  3.67780078604 0.0 0.0 0.0
1.0 0.74098119856 0.685844774231  -4.79131243878 0.0 0.0 0.0
1.0 -0.872370585752 1.05507777454  3.3361128683 0.0 0.0 0.0
1.0 0.0562569247335 -0.031601986561  3.09779138323 0.0 0.0 0.0
1.0 -2.12393021329 3.71461231752  -0.190426529564 0.0 0.0 0.0
1.0 1.86942781298 2.57326836119  -3.61733816718 0.0 0.0 0.0
1.0 -1.25637542961 -1.1134757595  4.35405415702 0.0 0.0 0.0
1.0 3.89630900779 -1.10315843937  1.56328384588 0.0 0.0 0.0
1.0 2.55522761392 -0.365878571503  -3.08122285241 0.0 0.0 0.0
1.0 -3.21863113139 -0.952557595986  -1.47062364103 0.0 0.0 0.0
1.0 2.09418053941 4.23268668423  -0.399820438373 0.0 0.0 0.0
1.0 -0.00446548556286 0.0790310972239  -3.0868047996 0.0 0.0 0.0
1.0 0.637248863447 -2.30200604298  1.22212302158 0.0 0.0 0.0
1.0 0.527442179184 0.561164362572  -1.55544576276 0.0 0.0 0.0
1.0 -0.302156685029 -4.44370278389  0.249898913001 0.0 0.0 0.0
1.0 1.15249047361 2.36602651977  1.97046325482 0.0 0.0 0.0
1.0 -4.27750326617 0.152365337304  -0.142471862268 0.0 0.0 0.0
1.0 -0.126219898136 -1.05311689542  -4.13644167761 0.0 0.0 0.0
1.0 2.22554277641 -0.019536656448  4.39864018654 0.0 0.0 0.0
1.0 2.78879482317 2.16459419574  -3.45729644331 0.0 0.0 0.0
1.0 -0.498715728213 3.89860540182  0.862408370236 0.0 0.0 0.0
1.0 -0.257894279426 2.86939518163  -1.11477176174 0.0 0.0 0.0
1.0 3.08286003209 -1.97856165948  -0.523853441916 0.0 0.0 0.0
1.0 1.3224887894 -2.66712521922  2.83274033069 0.0 0.0 0.0
1.0 1.22426857819 0.873536919056  -4.58283723858 0.0 0.0 0.0
1.0 1.5884603849 -1.34959367292  -4.07496938577 0.0 0.0 0.0
1.0 1.29851154992 1.66972922185  4.16128103315 0.0 0.0 0.0
1.0 1.64822635291 -0.720647816837  0.901205761935 0.0 0.0 0.0
1.0 -3.58559638499 0.83191317021  2.1989700966 0.0 0.0 0.0
1.0 2.92510551828 -0.28261927076  -1.69862857148 0.0 0.0 0.0
1.0 1.45624830469 3.0576865464  -2.0240584085 0.0 0.0 0.0
1.0 3.98038939844 1.35099739554  -0.640106167935 0.0 0.0 0.0
1.0 1.31377174736 4.73890416382  0.44620671279 0.0 0.0 0.0
1.0 1.79260322797 0.35657426005  3.34217860106 0.0 0.0 0.0
1.0 1.25079541961 0.472217714107  3.15529883709 0.0 0.0 0.0
1.0 0.643773577923 3.1949494763  2.39697574602 0.0 0.0 0.0
1.0 0.46217887234 -0.208836779941  -4.69293721284 0.0 0.0 0.0
1.0 1.67391788786 2.69536554772  2.34909838582 0.0 0.0 0.0
1.0 1.78288002248 1.23751321313  0.0238337886697 0.0 0.0 0.0
1.0 -0.475744552141 0.735262528437  4.24383931245 0.0 0.0 0.0
1.0 -0.531446680629 -0.416535619879  -4.28488478988 0.0 0.0 0.0
1.0 -4.05874317385 -2.06448968995  -0.725104111948 0.0 0.0 0.0
1.0 0.748863060104 0.515686938314  -2.48375433973 0.0 0.0 0.0
1.0 3.43712709916 -2.42770476878  -0.128904062835 0.0 0.0 0.0
1.0 1.83942389491 -0.720015782071  -2.48567050777 0.0 0.0 0.0
1.0 -1.06313056553 0.516279979367  3.87995025833 0.0 0.0 0.0
1.0 1.48038788936 1.88591225502  1.08460153151 0.0 0.0 0.0
1.0 3.01097842921 1.04125641622  -0.771453082419 0.0 0.0 0.0
1.0 -0.0166008090261 0.877410374066  -0.775743430467 0.0 0.0 0.0
1.0 -0.110300204089 0.159739580581  -2.3732728963 0.0 0.0 0.0
1.0 1.30859972419 1.08041790699  -4.03279631288 0.0 0.0 0.0
1.0 4.14331241387 0.77287391931  0.268472142404 0.0 0.0 0.0
1.0 -0.641388314287 -0.0595924943279  4.5452833152 0.0 0.0 0.0
1.0 -0.462334590894 -1.18411720603  -3.67431975015 0.0 0.0 0.0
1.0 -2.94492679455 1.47329665725  2.26102199946 0.0 0.0 0.0
1.0 -0.615545977886 -3.55499090491  1.25456301334 0.0 0.0 0.0
1.0 3.9271791153 2.55889334911  -1.45146705117 0.0 0.0 0.0
1.0 0.312441450269 0.476943971516  4.93257657007 0.0 0.0 0.0
1.0 -2.02324254685 2.90977883336  -1.92380195428 0.0 0.0 0.0
1.0 0.0544782086676 -0.017534283326  2.48704466149 0.0 0.0 0.0
1.0 -2.70796826899 -2.65229831252  1.57251084342 0.0 0.0 0.0
1.0 0.927889116213 -0.357939112095  4.03408929388 0.0 0.0 0.0
1.0 1.40147495272 -0.321630803619  0.0119153719365 0.0 0.0 0.0
1.0 0.525490192903 -0.399525412832  -4.20747822181 0.0 0.0 0.0
1.0 -1.41279955083 2.60763842201  -3.94050183032 0.0 0.0 0.0
1.0 3.70761344279 0.545998244603  -0.286592109674 0.0 0.0 0.0
1.0 -1.53608648099 -1.48268995089  -3.74633500635 0.0 0.0 0.0
1.0 0.955355918373 0.454782298577  -4.73341093954 0.0 0.0 0.0
1.0 1.65985024854 -1.38114552084  3.48260589828 0.0 0.0 0.0
1.0 -0.257161613709 0.460646156499  3.61340888832 0.0 0.0 0.0
1.0 0.610030065033 -0.153376051107  -0.900138438896 0.0 0.0 0.0
1.0 -2.94509250582 -2.62275707206  -2.65382129954 0.0 0.0 0.0
1.0 -0.355071345814 -2.35659652465  -0.67132313259 0.0 0.0 0.0
1.0 -1.32112832907 0.317571731423  3.88448604757 0.0 0.0 0.0
1.0 0.216470414742 0.484704894685  3.42855340725 0.0 0.0 0.0
1.0 0.478097178237 0.339932423411  -4.15406511775 0.0 0.0 0.0
1.0 -1.97750019968 -3.15648041751  -2.97044037428 0.0 0.0 0.0
1.0 -3.31406962299 -2.28751311142  2.11936426099 0.0 0.0 0.0
1.0 -1.69465783684 1.59055184151  1.16745444951 0.0 0.0 0.0
1.0 -0.886580062788 -3.76320066349  1.98581130217 0.0 0.0 0.0
1.0 -1.87321645455 -2.49925879591  2.54605355812 0.0 0.0 0.0
1.0 0.117533046483 0.126332524912  1.86157908736 0.0 0.0 0.0
1.0 -0.81625360851 0.310200272612  3.14485359778 0.0 0.0 0.0
1.0 -2.00873450042 -2.42369300088  -1.51086923069 0.0 0.0 0.0
1.0 -0.000745137170622 -0.326527090841  4.20029372485 0.0 0.0 0.0
1.0 1.25640120935 0.131975785926  -2.93662154164 0.0 0.0 0.0
1.0 -3.91299113737 -1.68906857509  -1.92544273955 0.0 0.0 0.0
1.0 2.39159851537 0.722721569916  1.47457393979 0.0 0.0 0.0
1.0 -1.03266608233 -1.55375893114  3.05623954736 0.0 0.0 0.0
1.0 -0.564741067999 0.331701365384  -3.3001729239 0.0 0.0 0.0
1.0 1.83585500346 -3.30620865656  1.62231354487 0.0 0.0 0.0
1.0 4.30501815632 -1.59820847794  1.56290229964 0.0 0.0 0.0
1.0 0.261750929727 -0.150967228099  4.62327120676 0.0 0.0 0.0
1.0 3.89280911804 -2.963953797  -0.984204260243 0.0 0.0 0.0
1.0 -2.06629602744 2.64463207179  -0.804820092433 0.0 0.0 0.0
1.0 -0.164461973197 -0.702404742499  -2.71450108592 0.0 0.0 0.0
1.0 2.4007286979 -0.7877413704  -4.07085476928 0.0 0.0 0.0
1.0 -2.43881717394 -0.990018550477  1.21977206897 0.0 0.0 0.0
1.0 -3.92803044685 -1.65457300706  2.10508354455 0.0 0.0 0.0
1.0 4.55334296903 -0.0870893136884  -0.709372401389 0.0 0.0 0.0
1.0 0.169276324596 0.434108480707  -3.89674814719 0.0 0.0 0.0
1.0 -2.90924506419 -0.145331406504  -0.903723099134 0.0 0.0 0.0
1.0 -0.145902565777 1.7101311284  1.93140528059 0.0 0.0 0.0
1.0 -0.527294223623 -0.526437180328  -3.66760521442 0.0 0.0 0.0
1.0 3.05396650549 2.71346721033  0.483903993607 0.0 0.0 0.0
1.0 -1.14942707939 -2.14338210219  -3.34853795995 0.0 0.0 0.0
1.0 -1.49856716934 -2.62859064619  1.93399329272 0.0 0.0 0.0
1.0 0.925986642861 1.19048185776  0.480155279573 0.0 0.0 0.0
1.0 0.622331398223 3.25510930979  3.53202264662 0.0 0.0 0.0
1.0 -1.67009704305 1.16702462957  -3.22759435802 0.0 0.0 0.0
1.0 -0.648554153309 0.237010202458  -4.7248915093 0.0 0.0 0.0
1.0 0.437589647541 -0.254228997449  2.97553488011 0.0 0.0 0.0
1.0 -0.0657769776658 -0.0256905512183  -3.88742003428 0.0 0.0 0.0
1.0 1.43634842448 -0.679652313616  4.11660650972 0.0 0.0 0.0
1.0 -2.16359137907 0.289863795565  2.45144049814 0.0 0.0 0.0
1.0 1.31245054124 0.422777785493  0.327888658007 0.0 0.0 0.0
1.0 2.71363670929 0.404333544477  -3.01379515218 0.0 0.0 0.0
1.0 0.88268823229 -0.83294905818  3.64946394885 0.0 0.0 0.0
1.0 -0.535898474725 2.50987905289  2.54852142726 0.0 0.0 0.0
1.0 0.795892744822 -0.787851455649  -0.823805569915 0.0 0.0 0.0
1.0 0.00489173654098 -0.307939848493  -3.85024794295 0.0 0.0 0.0
1.0 -3.4188992384 -0.327897365821  -3.33351744844 0.0 0.0 0.0
1.0 1.93846482785 -2.05391613278  -3.22124003259 0.0 0.0 0.0
1.0 2.98185921111 1.78708505738  3.35584519827 0.0 0.0 0.0
1.0 -0.633766359124 0.568972349092  -1.74624054175 0.0 0.0 0.0
1.0 2.15296043893 -2.40535331965  1.46732866179 0.0 0.0 0.0
1.0 3.16837231666 -3.60365625936  1.06197101841 0.0 0.0 0.0
1.0 1.37313133913 0.73483556282  3.51271563036 0.0 0.0 0.0
1.0 0.0712427398956 -0.832185848419  -0.509194911535 0.0 0.0 0.0
1.0 -0.286957553976 -0.217378927295  -3.92966285402 0.0 0.0 0.0
1.0 -2.60964631951 2.06830523261  -1.19218393304 0.0 0.0 0.0
1.0 -0.314502399014 -0.671727450814  -2.86480232476 0.0 0.0 0.0
1.0 -0.0942282121448 -0.287082746135  4.03873176783 0.0 0.0 0.0
1.0 -1.32544974527 0.752194385158  -0.888956110183 0.0 0.0 0.0
1.0 -0.261352511769 -4.09515301915  -0.35507698579 0.0 0.0 0.0
1.0 -0.282495157054 -2.07781921247  2.77331027991 0.0 0.0 0.0
1.0 -1.47942767804 -2.36177199998  -0.680990063589 0.0 0.0 0.0
1.0 0.963243368585 0.571002960011  3.62706654663 0.0 0.0 0.0
1.0 4.12500089925 0.468205103813  1.21146419336 0.0 0.0 0.0
1.0 1.79764940091 -0.574030381854  -1.17046650569 0.0 0.0 0.0
1.0 -0.0381545319127 -0.0243774167053  -4.09467682779 0.0 0.0 0.0
1.0 -2.60631241856 -0.545997204089  3.83908493024 0.0 0.0 0.0
1.0 0.280498239222 -0.44680228363  -4.75324206764 0.0 0.0 0.0
1.0 -1.29221353525 3.67786833461  2.80356668178 0.0 0.0 0.0
1.0 3.16352146245 1.52046747941  3.0028167653 0.0 0.0 0.0
1.0 -0.0737044110537 -0.376889549272  3.505285775 0.0 0.0 0.0
1.0 2.66106935484 1.79025898768  -1.69751842782 0.0 0.0 0.0
1.0 -0.696057581493 -1.95045115139  -4.12334820122 0.0 0.0 0.0
1.0 2.18427194009 3.98102389177  -1.75993597063 0.0 0.0 0.0
1.0 2.98270181112 2.84486348413  -1.96771142721 0.0 0.0 0.0
1.0 -1.56196610531 1.83387193941  2.06123393338 0.0 0.0 0.0
1.0 -0.771498863439 -0.357701315068  0.992323298286 0.0 0.0 0.0
1.0 0.908028636474 -1.26368821757  4.60590718274 0.0 0.0 0.0
1.0 0.911860004012 1.10593885487  -3.0585030479 0.0 0.0 0.0
1.0 -1.13512066721 -0.405111580898  0.899399472647 0.0 0.0 0.0
1.0 -0.49405297993 -0.492512631844  -4.3101756095 0.0 0.0 0.0
1.0 -0.337896035108 -4.14887706656  1.42384520512 0.0 0.0 0.0
1.0 -0.945618739586 -0.323734466567  3.64535936519 0.0 0.0 0.0
1.0 1.00182522059 0.487876124798  -3.68172254885 0.0 0.0 0.0
1.0 -0.392279238138 3.22035897436  -3.22112011974 0.0 0.0 0.0
1.0 0.0972779080831 -0.132812203302  3.80695469403 0.0 0.0 0.0
1.0 -1.25276600054 2.33322211099  3.55654851223 0.0 0.0 0.0
1.0 2.76151208164 -3.21005174263  -2.10889378697 0.0 0.0 0.0
1.0 2.00094284855 -1.00642162353  -3.51502096984 0.0 0.0 0.0
1.0 1.21836561472 -1.03692508984  3.50790220972 0.0 0.0 0.0
1.0 -0.712348244389 0.535377014332  3.73150243895 0.0 0.0 0.0
1.0 1.00776218773 -3.44420008386  2.81796074667 0.0 0.0 0.0
1.0 -1.05210812653 -4.71122486304  0.392095871536 0.0 0.0 0.0
1.0 -0.882268018461 -0.98147422  2.78645399124 0.0 0.0 0.0
1.0 -1.32736365162 1.63820424069  0.446181518854 0.0 0.0 0.0
1.0 -4.11433645027 -0.0428155749616  -1.3280277381 0.0 0.0 0.0
1.0 -1.77448394796 -0.26772163604  2.67114597173 0.0 0.0 0.0
1.0 -3.8166473362 0.28683579926  -2.5297617832 0.0 0.0 0.0
1.0 -2.55683013481 1.59556383247  0.944643979395 0.0 0.0 0.0
1.0 -0.608931105382 -0.233394146371  -1.2846008677 0.0 0.0 0.0
1.0 0.111159877103 -0.970921106332  2.62868066707 0.0 0.0 0.0
1.0 -0.224110629553 -4.73773397921  1.13449758059 0.0 0.0 0.0
1.0 -0.0932670442112 2.76818912033  -1.73352048297 0.0 0.0 0.0
1.0 -0.325198332456 1.41968256621  3.58506060944 0.0 0.0 0.0
1.0 2.09567195303 3.42930614947  -0.00582307663146 0.0 0.0 0.0
1.0 -1.40861413427 -1.19887553796  -3.77186802103 0.0 0.0 0.0
1.0 -2.66417615791 4.11471353812  -0.0900081057049 0.0 0.0 0.0
1.0 0.0272463834205 -0.563660842087  -4.051753041 0.0 0.0 0.0
1.0 -3.38001740863 -1.58390221271  -1.86327901317 0.0 0.0 0.0
1.0 -0.284864760226 1.64745398809  -2.27295146121 0.0 0.0 0.0
1.0 4.83181686209 -0.799442331952  -0.947776973098 0.0 0.0 0.0
1.0 0.212129071682 -1.10104675613  4.18710301737 0.0 0.0 0.0
1.0 0.324613174102 2.63918152127  -2.07076819684 0.0 0.0 0.0
1.0 -0.138933782985 2.6903884289  3.42447455441 0.0 0.0 0.0
1.0 2.68112870381 -0.276088778899  0.908740711188 0.0 0.0 0.0
1.0 0.819729625966 0.0318641915622  -3.77913876711 0.0 0.0 0.0
1.0 1.87772324954 -0.68755544398  0.0752262676497 0.0 0.0 0.0
1.0 -4.33925015246 0.783660649114  2.03499381274 0.0 0.0 0.0
1.0 0.741479257306 -3.36070553928  -2.54134220048 0.0 0.0 0.0
1.0 -0.952941265313 1.85103856617  3.90281106642 0.0 0.0 0.0
1.0 -1.57033700695 -1.13020341611  2.96378426245 0.0 0.0 0.0
1.0 -2.84233915552 0.638131402011  2.2673914805 0.0 0.0 0.0
1.0 -0.510387548154 -1.94613556743  1.92069536033 0.0 0.0 0.0
1.0 -0.133338086309 -4.06027706934  0.0739672686072 0.0 0.0 0.0
1.0 -1.37970889129 -0.200391253651  -0.819728219515 0.0 0.0 0.0
1.0 2.08169390396 0.175308050759  -4.24368674418 0.0 0.0 0.0
1.0 -0.786841358105 2.5378055964  3.88458267044 0.0 0.0 0.0
1.0 2.05770057126 -1.90013056379  -2.77170887995 0.0 0.0 0.0
1.0 -0.504816843328 -0.0609550154855  4.05832473356 0.0 0.0 0.0
1.0 0.974190022553 -2.43471634715  -0.304592457417 0.0 0.0 0.0
1.0 1.31567866914 2.64049113291  -1.28808427291 0.0 0.0 0.0
1.0 -2.30351115548 -2.44264544209  -2.90850745174 0.0 0.0 0.0
1.0 -2.74368776666 -0.856778453948  -0.329882766521 0.0 0.0 0.0
1.0 -3.89838861698 -1.48359800252  -1.87023788425 0.0 0.0 0.0
1.0 3.30203734188 -1.67878534467  -2.26914681578 0.0 0.0 0.0
1.0 -2.87698937225 -1.78927848377  -0.692449572404 0.0 0.0 0.0
1.0 2.61387430551 -1.19133877089  2.16697460865 0.0 0.0 0.0
1.0 -2.99815961589 1.32060436357  -0.59153264983 0.0 0.0 0.0
1.0 0.336461849303 -1.22394667104  4.03629109239 0.0 0.0 0.0
1.0 1.02744777356 -0.637969296547  2.35031243851 0.0 0.0 0.0
1.0 3.35014756865 2.73437870071  -1.10927445125 0.0 0.0 0.0
1.0 0.84435975184 -0.839165184105  -2.72236160558 0.0 0.0 0.0
1.0 -1.16059533161 1.21011653692  4.15755434817 0.0 0.0 0.0
1.0 0.20944783448 0.577621236338  -4.28291132555 0.0 0.0 0.0
1.0 -1.92507688074 -2.24516420517  -0.00300342768799 0.0 0.0 0.0
1.0 -0.387737353456 -0.952219137679  -3.88734947608 0.0 0.0 0.0
1.0 -3.79643900446 0.243231907943  -2.94089487097 0.0 0.0 0.0
1.0 3.13593425573 -2.21475900691  -1.9356828485 0.0 0.0 0.0
1.0 -0.348483542786 -0.498110767036  -4.28024550583 0.0 0.0 0.0
1.0 -0.386111782754 0.98882313028  -1.11884600325 0.0 0.0 0.0
1.0 -2.22782115285 -1.90246650962  -2.84110422489 0.0 0.0 0.0
1.0 -0.947981873914 -0.318240553323  2.36229299943 0.0 0.0 0.0
1.0 -3.75386080677 0.0439685446104  -0.0578863059613 0.0 0.0 0.0
